
723120099487
723120099494
723120099500
723120099517
723120099524
723120099531
723120099548
723120099555
723120099562
723120099579
723120099586
723120099593
723120099609
723120099616
723120099623
723120099630
723120099647
723120099654
723120099661
723120099678
723120099685
723120099692
723120099708
723120099715
723120099722
723120099739
723120099746
723120099753
723120099760
723120099777
723120099784
723120099791
723120099807
723120099814
723120099821
723120099838
723120099845
723120099852
723120099869
723120099876
723120099883
723120099890
723120099906
723120099913
723120099920
723120099937
723120099944
723120099951
723120099968
723120099975
723120099982
723120099999
723120100008
723120100015
723120100022
723120100039
723120100046
723120100053
723120100060
723120100077
723120100084
723120100091
723120100107
723120100114
723120100121
723120100138
723120100145
723120100152
723120100169
723120100176
723120100183
723120100190
723120100206
723120100213
723120100220
723120100237
723120100244
723120100251
723120100268
723120100275
723120100282
723120100299
723120100305
723120100312
723120100329
723120100336
723120100343
723120100350
723120100367
723120100374
723120100381
723120100398
723120100404
723120100411
723120100428
723120100435
723120100442
723120100459
723120100466
723120100473
723120100480
723120100497
723120100503
723120100510
723120100527
723120100534
723120100541
723120100558
723120100565
723120100572
723120100589
723120100596
723120100602
723120100619
723120100626
723120100633
723120100640
723120100657
723120100664
723120100671
723120100688
723120100695
723120100701
723120100718
723120100725
723120100732
723120100749
723120100756
723120100763
723120100770
723120100787
723120100794
723120100800
723120100817
723120100824
723120100831
723120100848
723120100855
723120100862
723120100879
723120100886
723120100893
723120100909
723120100916
723120100923
723120100930
723120100947
723120100954
723120100961
723120100978
723120100985
723120100992
723120101005
723120101012
723120101029
723120101036
723120101043
723120101050
723120101067
723120101074
723120101081
723120101098
723120101104
723120101111
723120101128
723120101135
723120101142
723120101159
723120101166
723120101173
723120101180
723120101197
723120101203
723120101210
723120101227
723120101234
723120101241
723120101258
723120101265
723120101272
723120101289
723120101296
723120101302
723120101319
723120101326
723120101333
723120101340
723120101357
723120101364
723120101371
723120101388
723120101395
723120101401
723120101418
723120101425
723120101432
723120101449
723120101456
723120101463
723120101470
723120101487
723120101494
723120101500
723120101517
723120101524
723120101531
723120101548
723120101555
723120101562
723120101579
723120101586
723120101593
723120101609
723120101616
723120101623
723120101630
723120101647
723120101654
723120101661
723120101678
723120101685
723120101692
723120101708
723120101715
723120101722
723120101739
723120101746
723120101753
723120101760
723120101777
723120101784
723120101791
723120101807
723120101814
723120101821
723120101838
723120101845
723120101852
723120101869
723120101876
723120101883
723120101890
723120101906
723120101913
723120101920
723120101937
723120101944
723120101951
723120101968
723120101975
723120101982
723120101999
723120102002
723120102019
723120102026
723120102033
723120102040
723120102057
723120102064
723120102071
723120102088
723120102095
723120102101
723120102118
723120102125
723120102132
723120102149
723120102156
723120102163
723120102170
723120102187
723120102194
723120102200
723120102217
723120102224
723120102231
723120102248
723120102255
723120102262
723120102279
723120102286
723120102293
723120102309
723120102316
723120102323
723120102330
723120102347
723120102354
723120102361
723120102378
723120102385
723120102392
723120102408
723120102415
723120102422
723120102439
723120102446
723120102453
723120102460
723120102477
723120102484
723120102491
723120102507
723120102514
723120102521
723120102538
723120102545
723120102552
723120102569
723120102576
723120102583
723120102590
723120102606
723120102613
723120102620
723120102637
723120102644
723120102651
723120102668
723120102675
723120102682
723120102699
723120102705
723120102712
723120102729
723120102736
723120102743
723120102750
723120102767
723120102774
723120102781
723120102798
723120102804
723120102811
723120102828
723120102835
723120102842
723120102859
723120102866
723120102873
723120102880
723120102897
723120102903
723120102910
723120102927
723120102934
723120102941
723120102958
723120102965
723120102972
723120102989
723120102996
723120103009
723120103016
723120103023
723120103030
723120103047
723120103054
723120103061
723120103078
723120103085
723120103092
723120103108
723120103115
723120103122
723120103139
723120103146
723120103153
723120103160
723120103177
723120103184
723120103191
723120103207
723120103214
723120103221
723120103238
723120103245
723120103252
723120103269
723120103276
723120103283
723120103290
723120103306
723120103313
723120103320
723120103337
723120103344
723120103351
723120103368
723120103375
723120103382
723120103399
723120103405
723120103412
723120103429
723120103436
723120103443
723120103450
723120103467
723120103474
723120103481
723120103498
723120103504
723120103511
723120103528
723120103535
723120103542
723120103559
723120103566
723120103573
723120103580
723120103597
723120103603
723120103610
723120103627
723120103634
723120103641
723120103658
723120103665
723120103672
723120103689
723120103696
723120103702
723120103719
723120103726
723120103733
723120103740
723120103757
723120103764
723120103771
723120103788
723120103795
723120103801
723120103818
723120103825
723120103832
723120103849
723120103856
723120103863
723120103870
723120103887
723120103894
723120103900
723120103917
723120103924
723120103931
723120103948
723120103955
723120103962
723120103979
723120103986
723120103993
723120104006
723120104013
723120104020
723120104037
723120104044
723120104051
723120104068
723120104075
723120104082
723120104099
723120104105
723120104112
723120104129
723120104136
723120104143
723120104150
723120104167
723120104174
723120104181
723120104198
723120104204
723120104211
723120104228
723120104235
723120104242
723120104259
723120104266
723120104273
723120104280
723120104297
723120104303
723120104310
723120104327
723120104334
723120104341
723120104358
723120104365
723120104372
723120104389
723120104396
723120104402
723120104419
723120104426
723120104433
723120104440
723120104457
723120104464