
723120098497
723120098503
723120098510
723120098527
723120098534
723120098541
723120098558
723120098565
723120098572
723120098589
723120098596
723120098602
723120098619
723120098626
723120098633
723120098640
723120098657
723120098664
723120098671
723120098688
723120098695
723120098701
723120098718
723120098725
723120098732
723120098749
723120098756
723120098763
723120098770
723120098787
723120098794
723120098800
723120098817
723120098824
723120098831
723120098848
723120098855
723120098862
723120098879
723120098886
723120098893
723120098909
723120098916
723120098923
723120098930
723120098947
723120098954
723120098961
723120098978
723120098985
723120098992
723120099005
723120099012
723120099029
723120099036
723120099043
723120099050
723120099067
723120099074
723120099081
723120099098
723120099104
723120099111
723120099128
723120099135
723120099142
723120099159
723120099166
723120099173
723120099180
723120099197
723120099203
723120099210
723120099227
723120099234
723120099241
723120099258
723120099265
723120099272
723120099289
723120099296
723120099302
723120099319
723120099326
723120099333
723120099340
723120099357
723120099364
723120099371
723120099388
723120099395
723120099401
723120099418
723120099425
723120099432
723120099449
723120099456
723120099463
723120099470