

723120124639
723120124646
723120124653
723120124660
723120124677
723120124684
723120124691
723120124707
723120124714
723120124721
723120124738
723120124745
723120124752
723120124769
723120124776
723120124783
723120124790
723120124806
723120124813
723120124820
723120124837
723120124844
723120124851
723120124868
723120124875
723120124882
723120124899
723120124905
723120124912
723120124929
723120124936
723120124943
723120124950
723120124967
723120124974
723120124981
723120124998
723120125001
723120125018
723120125025
723120125032
723120125049
723120125056
723120125063
723120125070
723120125087
723120125094
723120125100
723120125117
723120125124
723120125131
723120125148
723120125155
723120125162
723120125179
723120125186
723120125193
723120125209
723120125216
723120125223
723120125230
723120125247
723120125254
723120125261
723120125278
723120125285
723120125292
723120125308
723120125315
723120125322
723120125339
723120125346
723120125353
723120125360
723120125377
723120125384
723120125391
723120125407
723120125414
723120125421
723120125438
723120125445
723120125452
723120125469
723120125476
723120125483
723120125490
723120125506
723120125513
723120125520
723120125537
723120125544
723120125551
723120125568
723120125575
723120125582
723120125599
723120125605
723120125612
723120125629
723120125636
723120125643
723120125650
723120125667
723120125674
723120125681
723120125698
723120125704
723120125711
723120125728
723120125735
723120125742
723120125759
723120125766
723120125773
723120125780
723120125797
723120125803
723120125810
723120125827
723120125834
723120125841
723120125858
723120125865
723120125872
723120125889
723120125896
723120125902
723120125919
723120125926
723120125933
723120125940
723120125957
723120125964
723120125971
723120125988
723120125995
723120126008
723120126015
723120126022
723120126039
723120126046
723120126053
723120126060
723120126077
723120126084
723120126091
723120126107
723120126114
723120126121
723120126138
723120126145
723120126152
723120126169
723120126176
723120126183
723120126190
723120126206
723120126213
723120126220
723120126237
723120126244
723120126251
723120126268
723120126275
723120126282
723120126299
723120126305
723120126312
723120126329
723120126336
723120126343
723120126350
723120126367
723120126374
723120126381
723120126398
723120126404
723120126411
723120126428
723120126435
723120126442
723120126459
723120126466
723120126473
723120126480
723120126497
723120126503
723120126510
723120126527
723120126534
723120126541
723120126558
723120126565
723120126572
723120126589
723120126596
723120126602
723120126619
723120126626
723120126633
723120126640
723120126657
723120126664
723120126671
723120126688
723120126695
723120126701
723120126718
723120126725
723120126732
723120126749
723120126756
723120126763
723120126770
723120126787
723120126794
723120126800
723120126817
723120126824
723120126831
723120126848
723120126855
723120126862
723120126879
723120126886
723120126893
723120126909
723120126916
723120126923
723120126930
723120126947
723120126954
723120126961
723120126978
723120126985
723120126992
723120127005
723120127012
723120127029
723120127036
723120127043
723120127050
723120127067
723120127074
723120127081
723120127098
723120127104
723120127111
723120127128
723120127135
723120127142
723120127159
723120127166
723120127173
723120127180
723120127197
723120127203
723120127210
723120127227
723120127234
723120127241
723120127258
723120127265
723120127272
723120127289
723120127296
723120127302
723120127319
723120127326
723120127333
723120127340
723120127357
723120127364
723120127371
723120127388
723120127395
723120127401
723120127418
723120127425
723120127432
723120127449
723120127456
723120127463
723120127470
723120127487
723120127494
723120127500
723120127517
723120127524
723120127531
723120127548
723120127555
723120127562
723120127579
723120127586
723120127593
723120127609
723120127616
723120127623
723120127630
723120127647
723120127654
723120127661
723120127678
723120127685
723120127692
723120127708
723120127715
723120127722
723120127739
723120127746
723120127753
723120127760
723120127777
723120127784
723120127791
723120127807
723120127814
723120127821
723120127838
723120127845
723120127852
723120127869
723120127876
723120127883
723120127890
723120127906
723120127913
723120127920
723120127937
723120127944
723120127951
723120127968
723120127975
723120127982
723120127999
723120128002
723120128019
723120128026
723120128033
723120128040
723120128057
723120128064
723120128071
723120128088
723120128095
723120128101
723120128118
723120128125
723120128132
723120128149
723120128156
723120128163
723120128170
723120128187
723120128194
723120128200
723120128217
723120128224
723120128231
723120128248
723120128255
723120128262
723120128279
723120128286
723120128293
723120128309
723120128316
723120128323
723120128330
723120128347
723120128354
723120128361
723120128378
723120128385
723120128392
723120128408
723120128415
723120128422
723120128439
723120128446
723120128453
723120128460
723120128477
723120128484
723120128491
723120128507
723120128514
723120128521
723120128538
723120128545
723120128552
723120128569
723120128576
723120128583
723120128590
723120128606
723120128613
723120128620
723120128637
723120128644
723120128651
723120128668
723120128675
723120128682
723120128699
723120128705
723120128712
723120128729
723120128736
723120128743
723120128750
723120128767
723120128774
723120128781
723120128798
723120128804
723120128811
723120128828
723120128835
723120128842
723120128859
723120128866
723120128873
723120128880
723120128897
723120128903
723120128910
723120128927
723120128934
723120128941
723120128958
723120128965
723120128972
723120128989
723120128996
723120129009
723120129016
723120129023
723120129030
723120129047
723120129054
723120129061
723120129078
723120129085
723120129092
723120129108
723120129115
723120129122
723120129139
723120129146
723120129153
723120129160
723120129177
723120129184
723120129191
723120129207
723120129214
723120129221
723120129238
723120129245
723120129252
723120129269
723120129276
723120129283
723120129290
723120129306
723120129313
723120129320
723120129337
723120129344
723120129351
723120129368
723120129375
723120129382
723120129399
723120129405
723120129412
723120129429
723120129436
723120129443
723120129450
723120129467
723120129474
723120129481
723120129498
723120129504
723120129511
723120129528
723120129535
723120129542
723120129559
723120129566
723120129573
723120129580
723120129597
723120129603
723120129610
723120129627
723120129634
723120129641
723120129658
723120129665
723120129672
723120129689
723120129696
723120129702
723120129719
723120129726
723120129733
723120129740
723120129757
723120129764
723120129771
723120129788
723120129795
723120129801
723120129818
723120129825
723120129832
723120129849
723120129856
723120129863
723120129870
723120129887
723120129894
723120129900
723120129917
723120129924
723120129931
723120129948
723120129955
723120129962
723120129979
723120129986
723120129993
723120130005
723120130012
723120130029
723120130036
723120130043
723120130050
723120130067
723120130074
723120130081
723120130098
723120130104
723120130111
723120130128
723120130135
723120130142
723120130159
723120130166
723120130173
723120130180
723120130197
723120130203
723120130210
723120130227
723120130234
723120130241
723120130258
723120130265
723120130272
723120130289
723120130296
723120130302
723120130319
723120130326
723120130333
723120130340
723120130357
723120130364
723120130371
723120130388
723120130395
723120130401
723120130418
723120130425
723120130432
723120130449
723120130456
723120130463
723120130470
723120130487
723120130494
723120130500
723120130517
723120130524
723120130531
723120130548
723120130555
723120130562
723120130579
723120130586
723120130593
723120130609
723120130616
723120130623
723120130630
723120130647
723120130654
723120130661
723120130678
723120130685
723120130692
723120130708
723120130715
723120130722
723120130739
723120130746
723120130753
723120130760
723120130777
723120130784
723120130791
723120130807
723120130814
723120130821
723120130838
723120130845
723120130852
723120130869
723120130876
723120130883
723120130890
723120130906
723120130913
723120130920
723120130937
723120130944
723120130951
723120130968
723120130975
723120130982
723120130999
723120131002
723120131019
723120131026
723120131033
723120131040
723120131057
723120131064
723120131071
723120131088
723120131095
723120131101
723120131118
723120131125
723120131132
723120131149
723120131156
723120131163
723120131170
723120131187
723120131194
723120131200
723120131217
723120131224
723120131231
723120131248
723120131255
723120131262
723120131279
723120131286
723120131293
723120131309
723120131316
723120131323
723120131330
723120131347
723120131354
723120131361
723120131378
723120131385
723120131392
723120131408
723120131415
723120131422
723120131439
723120131446
723120131453
723120131460
723120131477
723120131484
723120131491
723120131507
723120131514
723120131521
723120131538
723120131545
723120131552
723120131569
723120131576
723120131583
723120131590
723120131606
723120131613
723120131620
723120131637
723120131644
723120131651
723120131668
723120131675
723120131682
723120131699
723120131705
723120131712
723120131729
723120131736
723120131743
723120131750
723120131767
723120131774
723120131781
723120131798
723120131804
723120131811
723120131828
723120131835
723120131842
723120131859
723120131866
723120131873
723120131880
723120131897
723120131903
723120131910
723120131927
723120131934
723120131941
723120131958
723120131965
723120131972
723120131989
723120131996
723120132009
723120132016
723120132023
723120132030
723120132047
723120132054
723120132061
723120132078
723120132085
723120132092
723120132108
723120132115
723120132122
723120132139
723120132146
723120132153
723120132160
723120132177
723120132184
723120132191
723120132207
723120132214
723120132221
723120132238
723120132245
723120132252
723120132269
723120132276
723120132283
723120132290
723120132306
723120132313
723120132320
723120132337
723120132344
723120132351
723120132368
723120132375
723120132382
723120132399
723120132405
723120132412
723120132429
723120132436
723120132443
723120132450
723120132467
723120132474
723120132481
723120132498
723120132504
723120132511
723120132528
723120132535
723120132542
723120132559
723120132566
723120132573
723120132580
723120132597
723120132603
723120132610
723120132627
723120132634
723120132641
723120132658
723120132665
723120132672
723120132689
723120132696
723120132702
723120132719
723120132726
723120132733
723120132740
723120132757
723120132764
723120132771
723120132788
723120132795
723120132801
723120132818
723120132825
723120132832
723120132849
723120132856
723120132863
723120132870
723120132887
723120132894
723120132900
723120132917
723120132924
723120132931
723120132948
723120132955
723120132962
723120132979
723120132986
723120132993
723120133006
723120133013
723120133020
723120133037
723120133044
723120133051
723120133068
723120133075
723120133082
723120133099
723120133105
723120133112
723120133129
723120133136
723120133143
723120133150
723120133167
723120133174
723120133181
723120133198
723120133204
723120133211
723120133228
723120133235
723120133242
723120133259
723120133266
723120133273
723120133280
723120133297
723120133303
723120133310
723120133327
723120133334
723120133341
723120133358
723120133365
723120133372
723120133389
723120133396
723120133402
723120133419
723120133426
723120133433
723120133440
723120133457
723120133464
723120133471
723120133488
723120133495
723120133501
723120133518
723120133525
723120133532
723120133549
723120133556
723120133563
723120133570
723120133587
723120133594
723120133600
723120133617
723120133624
723120133631
723120133648
723120133655
723120133662
723120133679
723120133686
723120133693
723120133709
723120133716
723120133723
723120133730
723120133747
723120133754
723120133761
723120133778
723120133785
723120133792
723120133808
723120133815
723120133822
723120133839
723120133846
723120133853
723120133860
723120133877
723120133884
723120133891
723120133907
723120133914
723120133921
723120133938
723120133945
723120133952
723120133969
723120133976
723120133983
723120133990
723120134003
723120134010
723120134027
723120134034
723120134041
723120134058
723120134065
723120134072
723120134089
723120134096
723120134102
723120134119
723120134126
723120134133
723120134140
723120134157
723120134164
723120134171
723120134188
723120134195
723120134201
723120134218
723120134225
723120134232
723120134249
723120134256
723120134263
723120134270
723120134287
723120134294
723120134300
723120134317
723120134324
723120134331
723120134348
723120134355
723120134362
723120134379
723120134386
723120134393
723120134409
723120134416
723120134423
723120134430
723120134447
723120134454
723120134461
723120134478
723120134485
723120134492
723120134508
723120134515
723120134522
723120134539
723120134546
723120134553
723120134560
723120134577
723120134584
723120134591
723120134607
723120134614
723120134621
723120134638
723120134645
723120134652
723120134669
723120134676
723120134683
723120134690
723120134706
723120134713
723120134720
723120134737
723120134744
723120134751
723120134768
723120134775
723120134782
723120134799
723120134805
723120134812
723120134829
723120134836
723120134843
723120134850
723120134867
723120134874
723120134881
723120134898
723120134904
723120134911
723120134928
723120134935
723120134942
723120134959
723120134966
723120134973
723120134980
723120134997
723120135000
723120135017
723120135024
723120135031
723120135048
723120135055
723120135062
723120135079
723120135086
723120135093
723120135109
723120135116
723120135123
723120135130
723120135147
723120135154
723120135161
723120135178
723120135185
723120135192
723120135208
723120135215
723120135222
723120135239
723120135246
723120135253
723120135260
723120135277
723120135284
723120135291
723120135307
723120135314
723120135321
723120135338
723120135345
723120135352
723120135369
723120135376
723120135383
723120135390
723120135406
723120135413
723120135420
723120135437
723120135444
723120135451
723120135468
723120135475
723120135482
723120135499
723120135505
723120135512
723120135529
723120135536
723120135543
723120135550
723120135567
723120135574
723120135581
723120135598
723120135604
723120135611
723120135628
723120135635
723120135642
723120135659
723120135666
723120135673
723120135680
723120135697
723120135703
723120135710
723120135727
723120135734
723120135741
723120135758
723120135765
723120135772
723120135789
723120135796
723120135802
723120135819
723120135826
723120135833
723120135840
723120135857
723120135864
723120135871
723120135888
723120135895
723120135901
723120135918
723120135925
723120135932
723120135949
723120135956
723120135963
723120135970
723120135987
723120135994
723120136007
723120136014
723120136021
723120136038
723120136045
723120136052
723120136069
723120136076
723120136083
723120136090
723120136106
723120136113
723120136120
723120136137
723120136144
723120136151
723120136168
723120136175
723120136182
723120136199
723120136205
723120136212
723120136229
723120136236
723120136243
723120136250
723120136267
723120136274
723120136281
723120136298
723120136304
723120136311
723120136328
723120136335
723120136342
723120136359
723120136366
723120136373
723120136380
723120136397
723120136403
723120136410
723120136427
723120136434
723120136441
723120136458
723120136465
723120136472
723120136489
723120136496
723120136502
723120136519
723120136526
723120136533
723120136540
723120136557
723120136564
723120136571
723120136588
723120136595
723120136601
723120136618
723120136625
723120136632
723120136649
723120136656
723120136663
723120136670
723120136687
723120136694
723120136700
723120136717
723120136724
723120136731
723120136748
723120136755
723120136762
723120136779
723120136786
723120136793
723120136809
723120136816
723120136823
723120136830
723120136847
723120136854
723120136861
723120136878
723120136885
723120136892
723120136908
723120136915
723120136922
723120136939
723120136946
723120136953
723120136960
723120136977
723120136984
723120136991
723120137004
723120137011
723120137028
723120137035
723120137042
723120137059
723120137066
723120137073
723120137080
723120137097
723120137103
723120137110
723120137127
723120137134
723120137141
723120137158
723120137165
723120137172
723120137189
723120137196
723120137202
723120137219
723120137226
723120137233
723120137240
723120137257
723120137264
723120137271
723120137288
723120137295
723120137301
723120137318
723120137325
723120137332
723120137349
723120137356
723120137363
723120137370
723120137387
723120137394
723120137400
723120137417
723120137424
723120137431
723120137448
723120137455
723120137462
723120137479
723120137486
723120137493
723120137509
723120137516
723120137523
723120137530
723120137547
723120137554
723120137561
723120137578
723120137585
723120137592
723120137608
723120137615
723120137622
723120137639
723120137646
723120137653
723120137660
723120137677
723120137684
723120137691
723120137707
723120137714
723120137721
723120137738
723120137745
723120137752
723120137769
723120137776
723120137783
723120137790
723120137806
723120137813
723120137820
723120137837
723120137844
723120137851
723120137868
723120137875
723120137882
723120137899
723120137905
723120137912
723120137929
723120137936
723120137943
723120137950
723120137967
723120137974
723120137981
723120137998
723120138001
723120138018
723120138025
723120138032
723120138049
723120138056
723120138063
723120138070
723120138087
723120138094
723120138100
723120138117
723120138124
723120138131
723120138148
723120138155
723120138162
723120138179
723120138186
723120138193
723120138209
723120138216
723120138223
723120138230
723120138247
723120138254
723120138261
723120138278
723120138285
723120138292
723120138308
723120138315
723120138322
723120138339
723120138346
723120138353
723120138360
723120138377
723120138384
723120138391
723120138407
723120138414
723120138421
723120138438
723120138445
723120138452
723120138469
723120138476
723120138483
723120138490
723120138506
723120138513
723120138520
723120138537
723120138544
723120138551
723120138568
723120138575
723120138582
723120138599
723120138605
723120138612
723120138629
723120138636
723120138643
723120138650
723120138667
723120138674
723120138681
723120138698
723120138704
723120138711
723120138728
723120138735
723120138742
723120138759
723120138766
723120138773
723120138780
723120138797
723120138803
723120138810
723120138827
723120138834
723120138841
723120138858
723120138865
723120138872
723120138889
723120138896
723120138902
723120138919
723120138926
723120138933
723120138940
723120138957
723120138964
723120138971
723120138988
723120138995
723120139008
723120139015
723120139022
723120139039
723120139046
723120139053
723120139060
723120139077
723120139084
723120139091
723120139107
723120139114
723120139121
723120139138
723120139145
723120139152
723120139169
723120139176
723120139183
723120139190
723120139206
723120139213
723120139220
723120139237
723120139244
723120139251
723120139268
723120139275
723120139282
723120139299
723120139305
723120139312
723120139329
723120139336
723120139343
723120139350
723120139367
723120139374
723120139381
723120139398
723120139404
723120139411
723120139428
723120139435
723120139442
723120139459
723120139466
723120139473
723120139480
723120139497
723120139503
723120139510
723120139527
723120139534
723120139541
723120139558
723120139565
723120139572
723120139589
723120139596
723120139602
723120139619
723120139626
723120139633
723120139640
723120139657
723120139664
723120139671
723120139688
723120139695
723120139701
723120139718
723120139725
723120139732
723120139749
723120139756
723120139763
723120139770
723120139787
723120139794
723120139800
723120139817
723120139824
723120139831
723120139848
723120139855
723120139862
723120139879
723120139886
723120139893
723120139909
723120139916
723120139923
723120139930
723120139947
723120139954
723120139961
723120139978
723120139985
723120139992
723120140004
723120140011
723120140028
723120140035
723120140042
723120140059
723120140066
723120140073
723120140080
723120140097
723120140103
723120140110
723120140127
723120140134
723120140141
723120140158
723120140165
723120140172
723120140189
723120140196
723120140202
723120140219
723120140226
723120140233
723120140240
723120140257
723120140264
723120140271
723120140288
723120140295
723120140301
723120140318
723120140325
723120140332
723120140349
723120140356
723120140363
723120140370
723120140387
723120140394
723120140400
723120140417
723120140424
723120140431
723120140448
723120140455
723120140462
723120140479
723120140486
723120140493
723120140509
723120140516
723120140523
723120140530
723120140547
723120140554
723120140561
723120140578
723120140585
723120140592
723120140608
723120140615
723120140622
723120140639
723120140646
723120140653
723120140660
723120140677
723120140684
723120140691
723120140707
723120140714
723120140721
723120140738
723120140745
723120140752
723120140769
723120140776
723120140783
723120140790
723120140806
723120140813
723120140820
723120140837
723120140844
723120140851
723120140868
723120140875
723120140882
723120140899
723120140905
723120140912
723120140929
723120140936
723120140943
723120140950
723120140967
723120140974
723120140981
723120140998
723120141001
723120141018
723120141025
723120141032
723120141049
723120141056
723120141063
723120141070
723120141087
723120141094
723120141100
723120141117
723120141124
723120141131
723120141148
723120141155
723120141162
723120141179
723120141186
723120141193
723120141209
723120141216
723120141223
723120141230
723120141247
723120141254
723120141261
723120141278
723120141285
723120141292
723120141308
723120141315
723120141322
723120141339
723120141346
723120141353
723120141360
723120141377
723120141384
723120141391
723120141407
723120141414
723120141421
723120141438
723120141445
723120141452
723120141469
723120141476
723120141483
723120141490
723120141506
723120141513
723120141520
723120141537
723120141544
723120141551
723120141568
723120141575
723120141582
723120141599
723120141605
723120141612
723120141629
723120141636
723120141643
723120141650
723120141667
723120141674
723120141681
723120141698
723120141704
723120141711
723120141728
723120141735
723120141742
723120141759
723120141766
723120141773
723120141780
723120141797
723120141803
723120141810
723120141827
723120141834
723120141841
723120141858
723120141865
723120141872
723120141889
723120141896
723120141902
723120141919
723120141926
723120141933
723120141940
723120141957
723120141964
723120141971
723120141988
723120141995
723120142008
723120142015
723120142022
723120142039
723120142046
723120142053
723120142060
723120142077
723120142084
723120142091
723120142107
723120142114
723120142121
723120142138
723120142145
723120142152
723120142169
723120142176
723120142183
723120142190
723120142206
723120142213
723120142220
723120142237
723120142244
723120142251
723120142268
723120142275
723120142282
723120142299
723120142305
723120142312
723120142329
723120142336
723120142343
723120142350
723120142367
723120142374
723120142381
723120142398
723120142404
723120142411
723120142428
723120142435
723120142442
723120142459
723120142466
723120142473
723120142480
723120142497
723120142503
723120142510
723120142527
723120142534
723120142541
723120142558
723120142565
723120142572
723120142589
723120142596
723120142602
723120142619
723120142626
723120142633
723120142640
723120142657
723120142664
723120142671
723120142688
723120142695
723120142701
723120142718
723120142725
723120142732
723120142749
723120142756
723120142763
723120142770
723120142787
723120142794
723120142800
723120142817
723120142824
723120142831
723120142848
723120142855
723120142862
723120142879
723120142886
723120142893
723120142909
723120142916
723120142923
723120142930
723120142947
723120142954
723120142961
723120142978
723120142985
723120142992
723120143005
723120143012
723120143029
723120143036
723120143043
723120143050
723120143067
723120143074
723120143081
723120143098
723120143104
723120143111
723120143128
723120143135
723120143142
723120143159
723120143166
723120143173
723120143180
723120143197
723120143203
723120143210
723120143227
723120143234
723120143241
723120143258
723120143265
723120143272
723120143289
723120143296
723120143302
723120143319
723120143326
723120143333
723120143340
723120143357
723120143364
723120143371
723120143388
723120143395
723120143401
723120143418
723120143425
723120143432
723120143449
723120143456
723120143463
723120143470
723120143487
723120143494
723120143500
723120143517
723120143524
723120143531
723120143548
723120143555
723120143562
723120143579
723120143586
723120143593
723120143609
723120143616
723120143623
723120143630
723120143647
723120143654
723120143661
723120143678
723120143685
723120143692
723120143708
723120143715
723120143722
723120143739
723120143746
723120143753
723120143760
723120143777
723120143784
723120143791
723120143807
723120143814
723120143821
723120143838
723120143845
723120143852
723120143869
723120143876
723120143883
723120143890
723120143906
723120143913
723120143920
723120143937
723120143944
723120143951
723120143968
723120143975
723120143982
723120143999
723120144002
723120144019
723120144026
723120144033
723120144040
723120144057
723120144064
723120144071
723120144088
723120144095
723120144101
723120144118
723120144125
723120144132
723120144149
723120144156
723120144163
723120144170
723120144187
723120144194
723120144200
723120144217
723120144224
723120144231
723120144248
723120144255
723120144262
723120144279
723120144286
723120144293
723120144309
723120144316
723120144323
723120144330
723120144347
723120144354
723120144361
723120144378
723120144385
723120144392
723120144408
723120144415
723120144422
723120144439
723120144446
723120144453
723120144460
723120144477
723120144484
723120144491
723120144507
723120144514
723120144521
723120144538
723120144545
723120144552
723120144569
723120144576
723120144583
723120144590
723120144606
723120144613
723120144620
723120144637
723120144644
723120144651
723120144668
723120144675
723120144682
723120144699
723120144705
723120144712
723120144729
723120144736
723120144743
723120144750
723120144767
723120144774
723120144781
723120144798
723120144804
723120144811
723120144828
723120144835
723120144842
723120144859
723120144866
723120144873
723120144880
723120144897
723120144903
723120144910
723120144927
723120144934
723120144941
723120144958
723120144965
723120144972
723120144989
723120144996
723120145009
723120145016
723120145023
723120145030
723120145047
723120145054
723120145061
723120145078
723120145085
723120145092
723120145108
723120145115
723120145122
723120145139
723120145146
723120145153
723120145160
723120145177
723120145184
723120145191
723120145207
723120145214
723120145221
723120145238
723120145245
723120145252
723120145269
723120145276
723120145283
723120145290
723120145306
723120145313
723120145320
723120145337
723120145344
723120145351
723120145368
723120145375
723120145382
723120145399
723120145405
723120145412
723120145429
723120145436
723120145443
723120145450
723120145467
723120145474
723120145481
723120145498
723120145504
723120145511
723120145528
723120145535
723120145542
723120145559
723120145566
723120145573
723120145580
723120145597
723120145603
723120145610
723120145627
723120145634
723120145641
723120145658
723120145665
723120145672
723120145689
723120145696
723120145702
723120145719
723120145726
723120145733
723120145740
723120145757
723120145764
723120145771
723120145788
723120145795
723120145801
723120145818
723120145825
723120145832
723120145849
723120145856
723120145863
723120145870
723120145887
723120145894
723120145900
723120145917
723120145924
723120145931
723120145948
723120145955
723120145962
723120145979
723120145986
723120145993
723120146006
723120146013
723120146020
723120146037
723120146044
723120146051
723120146068
723120146075
723120146082
723120146099
723120146105
723120146112
723120146129
723120146136
723120146143
723120146150
723120146167
723120146174
723120146181
723120146198
723120146204
723120146211
723120146228
723120146235
723120146242
723120146259
723120146266
723120146273
723120146280
723120146297
723120146303
723120146310
723120146327
723120146334
723120146341
723120146358
723120146365
723120146372
723120146389
723120146396
723120146402
723120146419
723120146426
723120146433
723120146440
723120146457
723120146464
723120146471
723120146488
723120146495
723120146501
723120146518
723120146525
723120146532
723120146549
723120146556
723120146563
723120146570
723120146587
723120146594
723120146600
723120146617
723120146624
723120146631
723120146648
723120146655
723120146662
723120146679
723120146686
723120146693
723120146709
723120146716
723120146723
723120146730
723120146747
723120146754
723120146761
723120146778
723120146785
723120146792
723120146808
723120146815
723120146822
723120146839
723120146846
723120146853
723120146860
723120146877
723120146884
723120146891
723120146907
723120146914
723120146921
723120146938
723120146945
723120146952
723120146969
723120146976
723120146983
723120146990
723120147003
723120147010
723120147027
723120147034
723120147041
723120147058
723120147065
723120147072
723120147089
723120147096
723120147102
723120147119
723120147126
723120147133
723120147140
723120147157
723120147164
723120147171
723120147188
723120147195
723120147201
723120147218
723120147225
723120147232
723120147249
723120147256
723120147263
723120147270
723120147287
723120147294
723120147300
723120147317
723120147324
723120147331
723120147348
723120147355
723120147362
723120147379
723120147386
723120147393
723120147409
723120147416
723120147423
723120147430
723120147447
723120147454
723120147461
723120147478
723120147485
723120147492
723120147508
723120147515
723120147522
723120147539
723120147546
723120147553
723120147560
723120147577
723120147584
723120147591
723120147607
723120147614
723120147621
723120147638
723120147645
723120147652
723120147669
723120147676
723120147683
723120147690
723120147706
723120147713
723120147720
723120147737
723120147744
723120147751
723120147768
723120147775
723120147782
723120147799
723120147805
723120147812
723120147829
723120147836
723120147843
723120147850
723120147867
723120147874
723120147881
723120147898
723120147904
723120147911
723120147928
723120147935
723120147942
723120147959
723120147966
723120147973
723120147980
723120147997
723120148000
723120148017
723120148024
723120148031
723120148048
723120148055
723120148062
723120148079
723120148086
723120148093
723120148109
723120148116
723120148123
723120148130
723120148147
723120148154
723120148161
723120148178
723120148185
723120148192
723120148208
723120148215
723120148222
723120148239
723120148246
723120148253
723120148260
723120148277
723120148284
723120148291
723120148307
723120148314
723120148321
723120148338
723120148345
723120148352
723120148369
723120148376
723120148383
723120148390
723120148406
723120148413
723120148420
723120148437
723120148444
723120148451
723120148468
723120148475
723120148482
723120148499
723120148505
723120148512
723120148529
723120148536
723120148543
723120148550
723120148567
723120148574
723120148581
723120148598
723120148604
723120148611
723120148628
723120148635
723120148642
723120148659
723120148666
723120148673
723120148680
723120148697
723120148703
723120148710
723120148727
723120148734
723120148741
723120148758
723120148765
723120148772
723120148789
723120148796
723120148802
723120148819
723120148826
723120148833
723120148840
723120148857
723120148864
723120148871
723120148888
723120148895
723120148901
723120148918
723120148925
723120148932
723120148949
723120148956
723120148963
723120148970
723120148987
723120148994
723120149007
723120149014
723120149021
723120149038
723120149045
723120149052
723120149069
723120149076
723120149083
723120149090
723120149106
723120149113
723120149120
723120149137
723120149144
723120149151
723120149168
723120149175
723120149182
723120149199
723120149205
723120149212
723120149229
723120149236
723120149243
723120149250
723120149267
723120149274
723120149281
723120149298
723120149304
723120149311
723120149328
723120149335
723120149342
723120149359
723120149366
723120149373
723120149380
723120149397
723120149403
723120149410
723120149427
723120149434
723120149441
723120149458
723120149465
723120149472
723120149489
723120149496
723120149502
723120149519
723120149526
723120149533
723120149540
723120149557
723120149564
723120149571
723120149588
723120149595
723120149601
723120149618
723120149625
723120149632
723120149649
723120149656
723120149663
723120149670
723120149687
723120149694
723120149700
723120149717
723120149724
723120149731
723120149748
723120149755
723120149762
723120149779
723120149786
723120149793
723120149809
723120149816
723120149823
723120149830
723120149847
723120149854
723120149861
723120149878
723120149885
723120149892
723120149908
723120149915
723120149922
723120149939
723120149946
723120149953
723120149960
723120149977
723120149984
723120149991
723120150003
723120150010
723120150027
723120150034
723120150041
723120150058
723120150065
723120150072
723120150089
723120150096
723120150102
723120150119
723120150126
723120150133
723120150140
723120150157
723120150164
723120150171
723120150188
723120150195
723120150201
723120150218
723120150225
723120150232
723120150249
723120150256
723120150263
723120150270
723120150287
723120150294
723120150300
723120150317
723120150324
723120150331
723120150348
723120150355
723120150362
723120150379
723120150386
723120150393
723120150409
723120150416
723120150423
723120150430
723120150447
723120150454
723120150461
723120150478
723120150485
723120150492
723120150508
723120150515
723120150522
723120150539
723120150546
723120150553
723120150560
723120150577
723120150584
723120150591
723120150607
723120150614
723120150621
723120150638
723120150645
723120150652
723120150669
723120150676
723120150683
723120150690
723120150706
723120150713
723120150720
723120150737
723120150744
723120150751
723120150768
723120150775
723120150782
723120150799
723120150805
723120150812
723120150829
723120150836
723120150843
723120150850
723120150867
723120150874
723120150881
723120150898
723120150904
723120150911
723120150928
723120150935
723120150942
723120150959
723120150966
723120150973
723120150980
723120150997
723120151000
723120151017
723120151024
723120151031
723120151048
723120151055
723120151062
723120151079
723120151086
723120151093
723120151109
723120151116
723120151123
723120151130
723120151147
723120151154
723120151161
723120151178
723120151185
723120151192
723120151208
723120151215
723120151222
723120151239
723120151246
723120151253
723120151260
723120151277
723120151284
723120151291
723120151307
723120151314
723120151321
723120151338
723120151345
723120151352
723120151369
723120151376
723120151383
723120151390
723120151406
723120151413
723120151420
723120151437
723120151444
723120151451
723120151468
723120151475
723120151482
723120151499
723120151505
723120151512
723120151529
723120151536
723120151543
723120151550
723120151567
723120151574
723120151581
723120151598
723120151604
723120151611
723120151628
723120151635
723120151642
723120151659
723120151666
723120151673
723120151680
723120151697
723120151703
723120151710
723120151727
723120151734
723120151741
723120151758
723120151765
723120151772
723120151789
723120151796
723120151802
723120151819
723120151826
723120151833
723120151840
723120151857
723120151864
723120151871
723120151888
723120151895
723120151901
723120151918
723120151925
723120151932
723120151949
723120151956
723120151963
723120151970
723120151987
723120151994
723120152007
723120152014
723120152021
723120152038
723120152045
723120152052
723120152069
723120152076
723120152083
723120152090
723120152106
723120152113
723120152120
723120152137
723120152144
723120152151
723120152168
723120152175
723120152182
723120152199
723120152205
723120152212
723120152229
723120152236
723120152243
723120152250
723120152267
723120152274
723120152281
723120152298
723120152304
723120152311
723120152328
723120152335
723120152342
723120152359
723120152366
723120152373
723120152380
723120152397
723120152403
723120152410
723120152427
723120152434
723120152441
723120152458
723120152465
723120152472
723120152489
723120152496
723120152502
723120152519
723120152526
723120152533
723120152540
723120152557
723120152564
723120152571
723120152588
723120152595
723120152601
723120152618
723120152625
723120152632
723120152649
723120152656
723120152663
723120152670
723120152687
723120152694
723120152700
723120152717
723120152724
723120152731
723120152748
723120152755
723120152762
723120152779
723120152786
723120152793
723120152809
723120152816
723120152823
723120152830
723120152847
723120152854
723120152861
723120152878
723120152885
723120152892
723120152908
723120152915
723120152922
723120152939
723120152946
723120152953
723120152960
723120152977
723120152984
723120152991
723120153004
723120153011
723120153028
723120153035
723120153042
723120153059
723120153066
723120153073
723120153080
723120153097
723120153103
723120153110
723120153127
723120153134
723120153141
723120153158
723120153165
723120153172
723120153189
723120153196
723120153202
723120153219
723120153226
723120153233
723120153240
723120153257
723120153264
723120153271
723120153288
723120153295
723120153301
723120153318
723120153325
723120153332
723120153349
723120153356
723120153363
723120153370
723120153387
723120153394
723120153400
723120153417
723120153424
723120153431
723120153448
723120153455
723120153462
723120153479
723120153486
723120153493
723120153509
723120153516
723120153523
723120153530
723120153547
723120153554
723120153561
723120153578
723120153585
723120153592
723120153608
723120153615
723120153622
723120153639
723120153646
723120153653
723120153660
723120153677
723120153684
723120153691
723120153707
723120153714
723120153721
723120153738
723120153745
723120153752
723120153769
723120153776
723120153783
723120153790
723120153806
723120153813
723120153820
723120153837
723120153844
723120153851
723120153868
723120153875
723120153882
723120153899
723120153905
723120153912
723120153929
723120153936
723120153943
723120153950
723120153967
723120153974
723120153981
723120153998
723120154001
723120154018
723120154025
723120154032
723120154049
723120154056
723120154063
723120154070
723120154087
723120154094
723120154100
723120154117
723120154124
723120154131
723120154148
723120154155
723120154162
723120154179
723120154186
723120154193
723120154209
723120154216
723120154223
723120154230
723120154247
723120154254
723120154261
723120154278
723120154285
723120154292
723120154308
723120154315
723120154322
723120154339
723120154346
723120154353
723120154360
723120154377
723120154384
723120154391
723120154407
723120154414
723120154421
723120154438
723120154445
723120154452
723120154469
723120154476
723120154483
723120154490
723120154506
723120154513
723120154520
723120154537
723120154544
723120154551
723120154568
723120154575
723120154582
723120154599
723120154605
723120154612
723120154629
723120154636
723120154643
723120154650
723120154667
723120154674
723120154681
723120154698
723120154704
723120154711
723120154728
723120154735
723120154742
723120154759
723120154766
723120154773
723120154780
723120154797
723120154803
723120154810
723120154827
723120154834
723120154841
723120154858
723120154865
723120154872
723120154889
723120154896
723120154902
723120154919
723120154926
723120154933
723120154940
723120154957
723120154964
723120154971
723120154988
723120154995
723120155008
723120155015
723120155022
723120155039
723120155046
723120155053
723120155060
723120155077
723120155084
723120155091
723120155107
723120155114
723120155121
723120155138
723120155145
723120155152
723120155169
723120155176
723120155183
723120155190
723120155206
723120155213
723120155220
723120155237
723120155244
723120155251
723120155268
723120155275
723120155282
723120155299
723120155305
723120155312
723120155329
723120155336
723120155343
723120155350
723120155367
723120155374
723120155381
723120155398
723120155404
723120155411
723120155428
723120155435
723120155442
723120155459
723120155466
723120155473
723120155480
723120155497
723120155503
723120155510
723120155527
723120155534
723120155541
723120155558
723120155565
723120155572
723120155589
723120155596
723120155602
723120155619
723120155626
723120155633
723120155640
723120155657
723120155664
723120155671
723120155688
723120155695
723120155701
723120155718
723120155725
723120155732
723120155749
723120155756
723120155763
723120155770
723120155787
723120155794
723120155800
723120155817
723120155824
723120155831
723120155848
723120155855
723120155862
723120155879
723120155886
723120155893
723120155909
723120155916
723120155923
723120155930
723120155947
723120155954
723120155961
723120155978
723120155985
723120155992
723120156005
723120156012
723120156029
723120156036
723120156043
723120156050
723120156067
723120156074
723120156081
723120156098
723120156104
723120156111
723120156128
723120156135
723120156142
723120156159
723120156166
723120156173
723120156180
723120156197
723120156203
723120156210
723120156227
723120156234
723120156241
723120156258
723120156265
723120156272
723120156289
723120156296
723120156302
723120156319
723120156326
723120156333
723120156340
723120156357
723120156364
723120156371
723120156388
723120156395
723120156401
723120156418
723120156425
723120156432
723120156449
723120156456
723120156463
723120156470
723120156487
723120156494
723120156500
723120156517
723120156524
723120156531
723120156548
723120156555
723120156562
723120156579
723120156586
723120156593
723120156609
723120156616
723120156623
723120156630
723120156647
723120156654
723120156661
723120156678
723120156685
723120156692
723120156708
723120156715
723120156722
723120156739
723120156746
723120156753
723120156760
723120156777
723120156784
723120156791
723120156807
723120156814
723120156821
723120156838
723120156845
723120156852
723120156869
723120156876
723120156883
723120156890
723120156906
723120156913
723120156920
723120156937
723120156944
723120156951
723120156968
723120156975
723120156982
723120156999
723120157002
723120157019
723120157026
723120157033
723120157040
723120157057
723120157064
723120157071
723120157088
723120157095
723120157101
723120157118
723120157125
723120157132
723120157149
723120157156
723120157163
723120157170
723120157187
723120157194
723120157200
723120157217
723120157224
723120157231
723120157248
723120157255
723120157262
723120157279
723120157286
723120157293
723120157309
723120157316
723120157323
723120157330
723120157347
723120157354
723120157361
723120157378
723120157385
723120157392
723120157408
723120157415
723120157422
723120157439
723120157446
723120157453
723120157460
723120157477
723120157484
723120157491
723120157507
723120157514
723120157521
723120157538
723120157545
723120157552
723120157569
723120157576
723120157583
723120157590
723120157606
723120157613
723120157620
723120157637
723120157644
723120157651
723120157668
723120157675
723120157682
723120157699
723120157705
723120157712
723120157729
723120157736
723120157743
723120157750
723120157767
723120157774
723120157781
723120157798
723120157804
723120157811
723120157828
723120157835
723120157842
723120157859
723120157866
723120157873
723120157880
723120157897
723120157903
723120157910
723120157927
723120157934
723120157941
723120157958
723120157965
723120157972
723120157989
723120157996
723120158009
723120158016
723120158023
723120158030
723120158047
723120158054
723120158061
723120158078
723120158085
723120158092
723120158108
723120158115
723120158122
723120158139
723120158146
723120158153
723120158160
723120158177
723120158184
723120158191
723120158207
723120158214
723120158221
723120158238
723120158245
723120158252
723120158269
723120158276
723120158283
723120158290
723120158306
723120158313
723120158320
723120158337
723120158344
723120158351
723120158368
723120158375
723120158382
723120158399
723120158405
723120158412
723120158429
723120158436
723120158443
723120158450
723120158467
723120158474
723120158481
723120158498
723120158504
723120158511
723120158528
723120158535
723120158542
723120158559
723120158566
723120158573
723120158580
723120158597
723120158603
723120158610
723120158627
723120158634
723120158641
723120158658
723120158665
723120158672
723120158689
723120158696
723120158702
723120158719
723120158726
723120158733
723120158740
723120158757
723120158764
723120158771
723120158788
723120158795
723120158801
723120158818
723120158825
723120158832
723120158849
723120158856
723120158863
723120158870
723120158887
723120158894
723120158900
723120158917
723120158924
723120158931
723120158948
723120158955
723120158962
723120158979
723120158986
723120158993
723120159006
723120159013
723120159020
723120159037
723120159044
723120159051
723120159068
723120159075
723120159082
723120159099
723120159105
723120159112
723120159129
723120159136
723120159143
723120159150
723120159167
723120159174
723120159181
723120159198
723120159204
723120159211
723120159228
723120159235
723120159242
723120159259
723120159266
723120159273
723120159280
723120159297
723120159303
723120159310
723120159327
723120159334
723120159341
723120159358
723120159365
723120159372
723120159389
723120159396
723120159402
723120159419
723120159426
723120159433
723120159440
723120159457
723120159464
723120159471
723120159488
723120159495
723120159501
723120159518
723120159525
723120159532
723120159549
723120159556
723120159563
723120159570
723120159587
723120159594
723120159600
723120159617
723120159624
723120159631
723120159648
723120159655
723120159662
723120159679
723120159686
723120159693
723120159709
723120159716
723120159723
723120159730
723120159747
723120159754
723120159761
723120159778
723120159785
723120159792
723120159808
723120159815
723120159822
723120159839
723120159846
723120159853
723120159860
723120159877
723120159884
723120159891
723120159907
723120159914
723120159921
723120159938
723120159945
723120159952
723120159969
723120159976
723120159983
723120159990
723120160002
723120160019
723120160026
723120160033
723120160040
723120160057
723120160064
723120160071
723120160088
723120160095
723120160101
723120160118
723120160125
723120160132
723120160149
723120160156
723120160163
723120160170
723120160187
723120160194
723120160200
723120160217
723120160224
723120160231
723120160248
723120160255
723120160262
723120160279
723120160286
723120160293
723120160309
723120160316
723120160323
723120160330
723120160347
723120160354
723120160361
723120160378
723120160385
723120160392
723120160408
723120160415
723120160422
723120160439
723120160446
723120160453
723120160460
723120160477
723120160484
723120160491
723120160507
723120160514
723120160521
723120160538
723120160545
723120160552
723120160569
723120160576
723120160583
723120160590
723120160606
723120160613
723120160620
723120160637
723120160644
723120160651
723120160668
723120160675
723120160682
723120160699
723120160705
723120160712
723120160729
723120160736
723120160743
723120160750
723120160767
723120160774
723120160781
723120160798
723120160804
723120160811
723120160828
723120160835
723120160842
723120160859
723120160866
723120160873
723120160880
723120160897
723120160903
723120160910
723120160927
723120160934
723120160941
723120160958
723120160965
723120160972
723120160989
723120160996
723120161009
723120161016
723120161023
723120161030
723120161047
723120161054
723120161061
723120161078
723120161085
723120161092
723120161108
723120161115
723120161122
723120161139
723120161146
723120161153
723120161160
723120161177
723120161184
723120161191
723120161207
723120161214
723120161221
723120161238
723120161245
723120161252
723120161269
723120161276
723120161283
723120161290
723120161306
723120161313
723120161320
723120161337
723120161344
723120161351
723120161368
723120161375
723120161382
723120161399
723120161405
723120161412
723120161429
723120161436
723120161443
723120161450
723120161467
723120161474
723120161481
723120161498
723120161504
723120161511
723120161528










